function [Del_var] = Delaunay_variables(ttt)

l=134.96340251+(1717915923.217800*ttt + 31.879200*ttt^2+0.05163500*ttt^3-0.0002447000*ttt^4)/3600;
l_=357.52910918+(129596581.048100*ttt-0.553200*ttt^2+0.00013600*ttt^3-0.0000114900*ttt^4)/3600;
F=93.27209062+(1739527262.847800*ttt-12.751200*ttt^2-0.00103700*ttt^3 + 0.0000041700*ttt^4)/3600;
D=297.85019547+(1602961601.209000*ttt-6.370600*ttt^2+0.00659300*ttt^3-0.0000316900*ttt^4)/3600;
Om=125.04455501+(-6962890.543100*ttt+ 7.472200*ttt^2+0.00770200*ttt^3-0.0000593900*ttt^4)/3600;

Del_var=deg2rad([l,l_,F,D,Om]);


end

