function [pl_nut] = Planetary_nutation_arguments(ttt)

LMe = 4.402608842 + 2608.7903141574*ttt;
LVe = 3.176146697 + 1021.3285546211*ttt;
LE = 1.753470314 + 628.3075849991*ttt;
LMa = 6.203480913 + 334.0612426700*ttt;
LJ = 0.599546497 + 52.9690962641*ttt;
LSa = 0.874016757 + 21.3299104960*ttt;
LU = 5.481293872 + 7.4781598567*ttt;
LNe = 5.311886287 + 3.8133035638*ttt;
pA = 0.02438175*ttt + 0.00000538691*ttt^2;

pl_nut=[LMe,LVe,LE,LMa,LJ,LSa,LU,LNe,pA];


end

