
data=[  jday(2016,11,12,0,0,0) 2589.529430  26073.012839  33066.240965;
        jday(2016,11,12,0,05,0) 2284.132834  25818.904744  33283.988214;
        jday(2016,11,12,0,10,0) 1967.916155  25578.417526  33485.831652;
        jday(2016,11,12,0,15,0) 1641.485020  25352.008912  33671.671780;
        jday(2016,11,12,0,20,0) 1305.464547  25140.109746  33841.416700;
        jday(2016,11,12,0,25,0) 960.498158  24943.123155  33994.982159;
        jday(2016,11,12,0,30,0) 607.246349  24761.423773  34132.291601;
        jday(2016,11,12,0,35,0) 246.385433  24595.357020  34253.276206;
        jday(2016,11,12,0,40,0) -121.393753  24445.238434  34357.874930;
        jday(2016,11,12,0,45,0) -495.387160  24311.353063  34446.034540;
        jday(2016,11,12,0,50,0) -874.878881  24193.954909  34517.709645;
        jday(2016,11,12,0,55,0) -1259.142511  24093.266439  34572.862725;
        jday(2016,11,12,1,00,0) -1647.442536  24009.478153  34611.464153;
        jday(2016,11,12,1,05,0) -2039.035742  23942.748211  34633.492219;
        jday(2016,11,12,1,10,0) -2433.172632  23893.202120  34638.933142;
        jday(2016,11,12,1,15,0) -2829.098866  23860.932494  34627.781087;
        jday(2016,11,12,1,20,0) -3226.056696  23845.998865  34600.038170;
        jday(2016,11,12,1,25,0) -3623.286422  23848.427562  34555.714467;
        jday(2016,11,12,1,30,0) -4020.027848  23868.211654  34494.828013;
        jday(2016,11,12,1,35,0) -4415.521733  23905.310959  34417.404800;
        jday(2016,11,12,1,40,0) -4809.011250  23959.652108  34323.478772;
        jday(2016,11,12,1,45,0) -5199.743437  24031.128686  34213.091813
        jday(2016,11,12,1,50,0) -5586.970637  24119.601425  34086.293732;
        jday(2016,11,12,1,55,0) -5969.951938  24224.898463  33943.142249;
        jday(2016,11,12,2,00,0) -6347.954589  24346.815671  33783.702968;
        jday(2016,11,12,2,05,0) -6720.255411  24485.117033  33608.049357;
        jday(2016,11,12,2,10,0) -7086.142183  24639.535099  33416.262714;
        jday(2016,11,12,2,15,0) -7444.915012  24809.771484  33208.432134;       
        jday(2016,11,12,2,20,0) -7795.887679  24995.497442  32984.654474;
        jday(2016,11,12,2,25,0) -8138.388953  25196.354483  32745.034309
        jday(2016,11,12,2,30,0) -8471.763889  25411.955064  32489.683889
        jday(2016,11,12,2,35,0) -8795.375081  25641.883320  32218.723091
        jday(2016,11,12,2,40,0) -9108.603894  25885.695862  31932.279361
        jday(2016,11,12,2,45,0) -9410.851654  26142.922621  31630.487663
        jday(2016,11,12,2,50,0) -9701.540798  26413.067746  31313.490417
        jday(2016,11,12,2,55,0) -9980.115990  26695.610552  30981.437434
        jday(2016,11,12,3,00,0) -10246.045188  26990.006517  30634.485848];



t =1.0e+06 *[ 
   2.457721266125579
   2.457721266485185
   2.457721266663542
   2.457721266841435
   2.457721267018866
   2.457721269082523
   2.457721269262963
   2.457721269441320
   2.457721269799537
   2.457721269978704
   2.457721271682407
   2.457721271861574
   2.457721272042130
   2.457721272222569
   2.457721272580903
   2.457721272760648
   2.457721277225463
   2.457721277764815
   2.457721277946875
   2.457721278309144
   2.457721280179514
   2.457721280536227
   2.457721280892940
   2.457721281071412
   2.457721282768634
   2.457721282947916
   2.457721283127662
   2.457721283667708
   2.457721285713079
   2.457721285894444
   2.457721286075000
   2.457721286435417
   2.457721288290510
   2.457721288469792
   2.457721289190625
   2.457721289371180
   2.457721291056134
   2.457721291237384
   2.457721291418866
   2.457721291600695
   2.457721291782060
   2.457721291961805
   2.457721292141551
   2.457721292322107
   2.457721293822222
   2.457721294004977
   2.457721294187037
   2.457721294368287
   2.457721294733681
   2.457721295097569
   2.457721296577430
   2.457721296760764
   2.457721297123380
   2.457721297306134
   2.457721297489583
   2.457721297672338
   2.457721297855093
   2.457721299343518
   2.457721299526505
   2.457721299706944
   2.457721299892014
   2.457721300076620
   2.457721300260070
   2.457721300442824
   2.457721300624537
   2.457721302098033
   2.457721302281250
   2.457721302649537
   2.457721302836690
   2.457721313139930
   2.457721313325694
   2.457721313511806
   2.457721313701041
   2.457721314265162
   2.457721316116435
   2.457721316866435
   2.457721317242940
   2.457721317430555
   2.457721321519329
   2.457721321708102
   2.457721321898611
   2.457721322087732
   2.457721322273380
   2.457721322463311
   2.457721322649653
   2.457721322840393
   2.457721324296991
   2.457721324485648
   2.457721324675810
   2.457721324861921
   2.457721325053472
   2.457721325243981
   2.457721325433218
   2.457721325620949
   2.457721327085764
   2.457721327275463
   2.457721327465741
   2.457721327653472
   2.457721327839352
   2.457721328031250
   2.457721328219097
   2.457721329876505
   2.457721330065741
   2.457721330257407
   2.457721330445834
   2.457721330634838
   2.457721330822569
   2.457721331014236
   2.457721331202083
   2.457721332653472
   2.457721332841204
   2.457721333029745
   2.457721333220602
   2.457721333411111
   2.457721333601042
   2.457721333790972
   2.457721333982523
   2.457721335430903
   2.457721335827083
   2.457721336019213
   2.457721336212037
   2.457721336402893
   2.457721336594097
   2.457721336783102
   2.457721338221065
   2.457721338413079
   2.457721338604745
   2.457721338796181
   2.457721338988773
   2.457721339177894
   2.457721339370139
   2.457721339560648
   2.457721340998611
   2.457721341189815
   2.457721341382639
   2.457721341575116
   2.457721341770139
   2.457721341962963
   2.457721342155093
   2.457721342348611
   2.457721343776389
   2.457721343969907
   2.457721344162847
   2.457721344356366
   2.457721344547917
   2.457721344738657
   2.457721344931481
   2.457721345121528
   2.457721346554282
   2.457721346746412
   2.457721346937963
   2.457721347326505
   2.457721347517708
   2.457721347709954
   2.457721347904167
   2.457721349331481
   2.457721349522106
   2.457721349712731
   2.457721349905324
   2.457721350098264
   2.457721350291551
   2.457721350484722
   2.457721350678819
   2.457721352109028
   2.457721352301852
   2.457721352495486
   2.457721352688889
   2.457721352881250
   2.457721353073958
   2.457721353267477
   2.457721353458912
   2.457721354886690
   2.457721355079630
   2.457721355271528
   2.457721355463657
   2.457721355658449
   2.457721355847917
   2.457721356042014
   2.457721356235069
   2.457721357653472
   2.457721357844213
   2.457721358038426
   2.457721358230555
   2.457721358421991
   2.457721358614699
   2.457721358807060
   2.457721358997801
   2.457721360431365
   2.457721360624653
   2.457721360816782
   2.457721361010995
   2.457721361204514
   2.457721361397338
   2.457721361589583
   2.457721361781597
   2.457721363208796
   2.457721363398264
   2.457721363590856
   2.457721363784491
   2.457721363978703
   2.457721364169328
   2.457721364362384
   2.457721364553704
   2.457721368753241
   2.457721368943750
   2.457721369133681
   2.457721369324306
   2.457721369519445
   2.457721369712731
   2.457721369904514
   2.457721370095718
   2.457721371720718
   2.457721371912732
   2.457721372106250
   2.457721372298611
   2.457721372490509
   2.457721372681481
   2.457721372874305
   2.457721374308449
   2.457721374501852
   2.457721374692593
   2.457721374884375
   2.457721375074653
   2.457721375268866
   2.457721375458796
   2.457721375649537
   2.457721377074653
   2.457721377268171
   2.457721377460764
   2.457721377653704
   2.457721377845718
   2.457721378037153
   2.457721378228820
   2.457721378419213
   2.457721379851852
   2.457721380043750
   2.457721380236690
   2.457721380426621
   2.457721380619561
   2.457721380809954
   2.457721381004398
   2.457721381196412
   2.457721382618750
   2.457721382811111
   2.457721383003819
   2.457721383194329
   2.457721383386458
   2.457721383577083
   2.457721383768171
   2.457721383962268
